1	1	966	99.90	965	1	16F,1
10	10A	233	100.00	233	0
10	10B	100	93.00	93	7	10F,6;10A,1
10	10C	1	100.00	1	0
10	10F	26	100.00	26	0
11	11A	402	100.00	402	0
11	11B	12	100.00	12	0
11	11C	1	100.00	1	0
11	11D	1	100.00	1	0
11	11F	1	100.00	1	0
12	12A	4	0.00	0	4	12B,4
12	12B	15	73.33	11	4	12F,4
12	12F	393	99.24	390	3	12B,1;12B|12F,1;33F,1
13	13	267	100.00	267	0
14	14	1412	100.00	1412	0
15	15A	347	98.85	343	4	34,1;6C,1;19A,1;15B|15C,1
15	15B	118	83.05	98	20	28F,1;15B|15C,4;15C,15
15|15	15B|15C	611	100.00	611	0
15	15C	72	54.17	39	33	15B|15C,29;15B,4
15	15F	11	63.64	7	4	15B,1;15B|15C,2;15C,1
16	16A	1	100.00	1	0
16	16F	391	100.00	391	0
17	17A	2	100.00	2	0
17	17F	154	100.00	154	0
18	18A	55	100.00	55	0
18	18B	15	86.67	13	2	18C,2
18	18C	292	97.26	284	8	18F,2;18B,6
18	18F	20	100.00	20	0
19	19A	1273	99.69	1269	4	19F,1;23F,1;33F,2
19	19B	70	100.00	70	0
19	19C	1	100.00	1	0
19	19F	1407	98.15	1381	26	23F,3;19A,22;21,1
2	2	38	100.00	38	0
20	20	111	100.00	111	0
21	21	200	99.50	199	1	28F,1
22	22A	40	100.00	40	0
22	22F	236	99.58	235	1	19A,1
23	23A	225	100.00	225	0
23	23B	249	99.60	248	1	19A,1
23	23F	1138	99.91	1137	1	19F,1
24	24A	2	100.00	2	0
24	24B	1	100.00	1	0
24	24F	19	68.42	13	6	24B,6
25	25A	3	0.00	0	3	25F,3
25	25F	23	91.30	21	2	6B,1;6A,1
27	27	8	100.00	8	0
28	28A	14	100.00	14	0
28	28F	46	95.65	44	2	28A,2
29	29	33	93.94	31	2	35B,2
3	3	544	100.00	544	0
31	31	82	100.00	82	0
32	32A	10	0.00	0	10	32F,10
32	32F	9	100.00	9	0
33	33A	2	100.00	2	0
33	33B	43	100.00	43	0
33	33C	12	100.00	12	0
33	33D	37	83.78	31	6	33B,6
33	33F	147	98.64	145	2	12F,1;6C,1
34	34	327	100.00	327	0
35	35A	46	100.00	46	0
35	35B	306	98.37	301	5	35D,4;6C,1
35	35C	54	31.48	17	37	35F,1;35B,26;35A,10
35	35D	16	100.00	16	0
35	35F	147	99.32	146	1	35B,1
36	36	2	100.00	2	0
37	37	19	100.00	19	0
38	38	147	100.00	147	0
39	39	20	100.00	20	0
4	4	299	99.67	298	1	6A,1
40	40	26	100.00	26	0
41	41A	3	100.00	3	0
41	41F	2	100.00	2	0
42	42	2	100.00	2	0
43	43	1	100.00	1	0
44	44	1	0.00	0	1	12B,1
45	45	13	100.00	13	0
46	46	24	100.00	24	0
47	47A	1	100.00	1	0
47	47F	1	100.00	1	0
48	48	14	100.00	14	0
5	5	402	99.50	400	2	35F,2
6	6A	1034	98.45	1018	16	6B,11;6B|23F,1;6C,4
6	6B	1246	98.80	1231	15	6B|6D,1;6A,10;6D,4
6	6C	283	98.94	280	3	6B,2;6B|6C,1
6	6D	13	84.62	11	2	6B,2
6	6E	2	0.00	0	2	6B,1;6A,1
7	7A	1	100.00	1	0
7	7B	30	86.67	26	4	7C,4
7	7C	110	100.00	110	0
7	7F	287	100.00	287	0
8	8	210	100.00	210	0
9	9A	15	20.00	3	12	9V,12
9	9L	43	100.00	43	0
9	9N	127	86.61	110	17	9L,17
9	9V	465	99.35	462	3	9A,3
